246
-15.9 6.2
-12.05 7.9
6.6 8.85
7.7 3.65
3.8 -4.2
4.7 -7.8
7.05 -8.7
12.65 -7.55
13.35 -6.25
5.1 -3.45
10.4 -3.45
12.0 -2.65
15.0 1.8
14.2 6.2
13.5 6.85
12.75 9.05
10.85 11.3
7.15 12.75
4.3 12.2
1.9 11.75
-4.3 12.7
-2.05 5.7
-7.0 5.05
-5.85 1.75
-3.3 -0.7
-7.85 -3.65
-11.55 -3.7
-18.25 0.35
-11.1 1.45
-10.7 2.45
-11.55 3.95
-13.5 2.9
-18.0 -4.8
-17.25 -6.9
-14.6 -8.45
-12.05 -8.85
-6.45 -8.85
-9.9 -6.55
-5.35 -7.5
-3.0 -7.35
-0.9 -4.5
-4.15 -1.7
-2.15 -2.5
-4.0 -4.0
-3.25 -4.5
1.45 -3.1
2.05 -1.75
2.2 1.65
2.35 2.5
6.0 3.65
13.2 6.05
13.8 4.15
11.2 2.65
10.75 4.95
10.55 5.95
8.35 5.6
6.2 5.35
4.25 5.95
1.65 7.3
1.75 8.9
2.8 9.55
5.6 9.95
8.0 10.4
10.4 7.55
11.2 8.8
12.1 10.85
15.15 14.65
11.25 13.6
4.7 12.3
0.25 10.7
-4.7 8.8
-6.8 7.85
-7.55 9.8
-5.1 10.45
-4.85 10.85
-7.65 12.6
-8.4 12.7
-12.65 13.6
-14.5 13.05
-12.7 10.3
-10.5 10.15
-10.5 12.1
-11.85 11.0
-13.7 11.2
-14.9 10.15
-15.65 9.55
-16.75 8.95
-17.4 10.1
-16.9 10.8
-16.15 11.65
-17.35 13.7
-14.75 13.7
-11.4 14.65
-9.4 14.95
-4.65 14.3
-0.6 13.55
2.0 13.65
5.55 13.95
8.05 13.9
15.2 12.9
16.45 11.3
17.95 7.35
17.85 5.05
19.4 -1.55
20.0 -5.1
20.3 -8.2
19.05 -11.65
15.8 -12.5
14.05 -12.45
15.5 -11.05
16.0 -9.8
16.5 -7.85
16.6 -6.3
16.7 -5.4
16.45 -3.05
16.95 -1.55
20.25 2.0
21.45 3.15
23.45 4.85
23.3 7.8
20.65 9.75
20.25 11.8
10.5 -6.45
8.45 -9.85
7.5 -14.25
2.8 -14.2
1.95 -13.15
4.65 -11.4
4.45 -10.0
1.8 -10.35
-0.55 -12.45
-10.65 -11.6
-8.6 -11.6
-5.85 -12.45
-2.5 -13.0
-2.1 -10.0
-3.25 -10.4
-4.25 -10.75
-5.65 -10.2
-7.55 -9.8
-12.95 -7.4
-11.95 -5.85
-13.45 -4.1
-16.15 -3.3
-15.65 -2.65
-15.3 -0.25
-16.65 1.0
-17.45 2.45
-18.75 3.95
-20.85 4.5
-19.0 5.1
-16.6 5.6
-15.9 2.85
-15.75 2.65
-14.65 4.1
-11.55 5.05
-11.25 5.5
-8.3 6.6
-7.5 5.65
-5.0 4.5
-2.95 2.7
-2.7 1.65
-5.0 1.1
-8.4 1.75
-8.9 2.85
-7.45 2.95
-5.65 2.85
-4.8 3.6
-4.4 5.2
-4.25 5.5
-3.6 6.75
-1.7 9.2
-1.95 11.2
-2.35 12.85
-1.15 14.6
3.15 15.5
5.9 16.15
13.45 15.45
17.5 14.05
22.9 12.45
23.0 11.45
22.7 6.7
18.95 3.3
18.35 1.9
20.4 -0.05
24.3 -3.55
24.15 -5.2
23.45 -7.95
22.85 -10.3
21.75 -12.35
15.85 -14.1
10.6 -14.1
9.4 -13.15
12.7 -11.45
12.0 -10.1
8.85 -11.95
6.9 -11.65
6.35 -10.55
6.9 -7.1
7.9 -5.35
10.85 -4.3
12.65 -4.35
14.0 -3.05
10.1 -2.55
7.2 -2.2
6.25 -0.9
6.65 0.55
8.6 1.7
-22.75 8.25
-24.05 9.15
-26.5 10.4
-22.95 12.9
-20.1 14.2
-28.1 15.5
-21.8 12.45
-22.3 10.2
-24.05 5.15
-29.6 0.1
-29.0 -1.05
-23.65 -1.5
-23.7 -3.35
-27.5 -5.15
-27.55 -7.9
-22.25 -9.65
-21.75 -10.55
-25.5 -14.7
-23.1 -13.6
-28.05 -12.45
-21.65 -13.55
-19.2 -14.55
-16.25 -15.2
-14.15 -13.85
-22.6 -11.5
-15.0 -12.9
-16.45 -11.4
-16.45 -11.4
-12.1 -12.7
-4.1 -14.6
0.5 -14.45
12.5 -13.7
20.8 -11.45
-0.65 -9.3
0.95 -8.3
3.75 -7.25
2.7 -7.15
3.1 -5.75
12
-12.1 6.45 6.85 -9.65
-14.05 1.4 17.85 -9.25
-1.55 11.6 17.95 1.85
-29.45 11.75 -3.95 -2.3
-25.2 -4.55 4.8 -18.0
8.4 0.0 16.9 -14.7
19.9 20.4 30.3 7.4
0.7 10.45 20.2 1.2
-3.05 14.8 5.55 4.0
-13.6 14.9 5.65 4.7
-12.4 2.95 6.35 -6.05
16.7 -1.9 24.8 -7.2
